1
1001
2001
3001
4001
5001
6001
7001
8001
9001
10001
11001
12001
13001
14001
15001
16001
17001
18001
19001
20001
21001
22001
23001
24001
25001
26001
27001
28001
29001
30001
31001
32001
33001
34001
35001
36001
37001
38001
39001
40001
41001
42001
43001
44001
45001
46001
47001
48001
49001
50001
51001
52001
53001
54001
55001
56001
57001
58001
59001
60001
61001
62001
63001
64001
65001
66001
67001
68001
69001
70001
71001
72001
73001
74001
75001
76001
77001
78001
79001
80001
81001
82001
83001
84001
85001
86001
87001
88001
89001
90001
91001
92001
93001
94001
95001
96001
97001
98001
99001
100001
101001
102001
103001
104001
105001
106001
107001
108001
109001
110001
111001
112001
113001
114001
115001
116001
117001
118001
119001
120001
121001
122001
123001
124001
125001
126001
127001
128001
129001
130001
131001
132001
133001
134001
135001
136001
137001
138001
139001
140001
141001
142001
143001
144001
145001
146001
147001
148001
149001
150001
151001
152001
153001
154001
155001
156001
157001
158001
159001
160001
161001
162001
163001
164001
165001
166001
167001
168001
169001
170001
171001
172001
173001
174001
175001
176001
177001
178001
179001
180001
181001
182001
183001
184001
185001
186001
187001
188001
189001
190001
191001
192001
193001
194001
195001
196001
197001
198001
199001
200001
201001
202001
203001
204001
205001
206001
207001
208001
209001
210001
211001
212001
213001
214001
215001
216001
217001
218001
219001
220001
221001
222001
223001
224001
225001
226001
227001
228001
229001
230001
231001
232001
233001
234001
235001
236001
237001
238001
239001
240001
241001
242001
243001
244001
245001
246001
247001
248001
249001
250001
251001
252001
253001
254001
255001
256001
257001
258001
259001
260001
261001
262001
263001
264001
265001
266001
267001
268001
269001
270001
271001
272001
273001
274001
275001
276001
277001
278001
279001
280001
281001
282001
283001
284001
285001
286001
287001
288001
289001
290001
291001
292001
293001
294001
295001
296001
297001
298001
299001
300001
301001
302001
303001
304001
305001
306001
307001
308001
309001
310001
311001
312001
313001
314001
315001
316001
317001
318001
319001
320001
321001
322001
323001
324001
325001
326001
327001
328001
329001
330001
331001
332001
333001
334001
335001
336001
337001
338001
339001
340001
341001
342001
343001
344001
345001
346001
347001
348001
349001
350001
351001
352001
353001
354001
355001
356001
357001
358001
359001
360001
361001
362001
363001
364001
365001
366001
367001
368001
369001
370001
371001
372001
373001
374001
375001
376001
377001
378001
379001
380001
381001
382001
383001
384001
385001
386001
387001
388001
389001
390001
391001
392001
393001
394001
395001
396001
397001
398001
399001
400001
401001
402001
403001
404001
405001
406001
407001
408001
409001
410001
411001
412001
413001
414001
415001
416001
417001
418001
419001
420001
421001
422001
423001
424001
425001
426001
427001
428001
429001
430001
431001
432001
433001
434001
435001
436001
437001
438001
439001
440001
441001
442001
443001
444001
445001
446001
447001
448001
449001
450001
451001
452001
453001
454001
455001
456001
457001
458001
459001
460001
461001
462001
463001
464001
465001
466001
467001
468001
469001
470001
471001
472001
473001
474001
475001
476001
477001
478001
479001
480001
481001
482001
483001
484001
485001
486001
487001
488001
489001
490001
491001
492001
493001
494001
495001
496001
497001
498001
499001
500001
501001
502001
503001
504001
505001
506001
507001
508001
509001
510001
511001
512001
513001
514001
515001
516001
517001
518001
519001
520001
521001
522001
523001
524001
525001
526001
527001
528001
529001
530001
531001
532001
533001
534001
535001
536001
537001
538001
539001
540001
541001
542001
543001
544001
545001
546001
547001
548001
549001
550001
551001
552001
553001
554001
555001
556001
557001
558001
559001
560001
561001
562001
563001
564001
565001
566001
567001
568001
569001
570001
571001
572001
573001
574001
575001
576001
577001
578001
579001
580001
581001
582001
583001
584001
585001
586001
587001
588001
589001
590001
591001
592001
593001
594001
595001
596001
597001
598001
599001
600001
601001
602001
603001
604001
605001
606001
607001
608001
609001
610001
611001
612001
613001
614001
615001
616001
617001
618001
619001
620001
621001
622001
623001
624001
625001
626001
627001
628001
629001
630001
631001
632001
633001
634001
635001
636001
637001
638001
639001
640001
641001
642001
643001
644001
645001
646001
647001
648001
649001
650001
651001
652001
653001
654001
655001
656001
657001
658001
659001
660001
661001
662001
663001
664001
665001
666001
667001
668001
669001
670001
671001
672001
673001
674001
675001
676001
677001
678001
679001
680001
681001
682001
683001
684001
685001
686001
687001
688001
689001
690001
691001
692001
693001
694001
695001
696001
697001
698001
699001
700001
701001
702001
703001
704001
705001
706001
707001
708001
709001
710001
711001
712001
713001
714001
715001
716001
717001
718001
719001
720001
721001
722001
723001
724001
725001
726001
727001
728001
729001
730001
731001
732001
733001
734001
735001
736001
737001
738001
739001
740001
741001
742001
743001
744001
745001
746001
747001
748001
749001
750001
751001
752001
753001
754001
755001
756001
757001
758001
759001
760001
761001
762001
763001
764001
765001
766001
767001
768001
769001
770001
771001
772001
773001
774001
775001
776001
777001
778001
779001
780001
781001
782001
783001
784001
785001
786001
787001
788001
789001
790001
791001
792001
793001
794001
795001
796001
797001
798001
799001
800001
801001
802001
803001
804001
805001
806001
807001
808001
809001
810001
811001
812001
813001
814001
815001
816001
817001
818001
819001
820001
821001
822001
823001
824001
825001
826001
827001
828001
829001
830001
831001
832001
833001
834001
835001
836001
837001
838001
839001
840001
841001
842001
843001
844001
845001
846001
847001
848001
849001
850001
851001
852001
853001
854001
855001
856001
857001
858001
859001
860001
861001
862001
863001
864001
865001
866001
867001
868001
869001
870001
871001
872001
873001
874001
875001
876001
877001
878001
879001
880001
881001
882001
883001
884001
885001
886001
887001
888001
889001
890001
891001
892001
893001
894001
895001
896001
897001
898001
899001
900001
901001
902001
903001
904001
905001
906001
907001
908001
909001
910001
911001
912001
913001
914001
915001
916001
917001
918001
919001
920001
921001
922001
923001
924001
925001
926001
927001
928001
929001
930001
931001
932001
933001
934001
935001
936001
937001
938001
939001
940001
941001
942001
943001
944001
945001
946001
947001
948001
949001
950001
951001
952001
953001
954001
955001
956001
957001
958001
959001
960001
961001
962001
963001
964001
965001
966001
967001
968001
969001
970001
971001
972001
973001
974001
975001
976001
977001
978001
979001
980001
981001
982001
983001
984001
985001
986001
987001
988001
989001
990001
991001
992001
993001
994001
995001
996001
997001
998001
999001
